image: rtab_map.pgm
resolution: 0.050000
origin: [-10.703354, -12.932381, 0.000000]
negate: 0
occupied_thresh: 0.65
free_thresh: 0.196

